0.00010136614234088724, 2.63
0.005454942693210721, 2.64
0.010810963806558415, 2.65
0.016172159423871676, 2.66
0.021541260496274205, 2.67
0.02692100020424197, 2.68
0.032314115174709064, 2.69
0.03772334669576475, 2.7
0.04315144192911836, 2.71
0.04860115512051733, 2.72
0.054075248808276605, 2.73
0.05957649503008373, 2.74
0.06510767652821559, 2.75
0.07067158795330868, 2.7600000000000002
0.07627103706679472, 2.77
0.08190884594211544, 2.7800000000000002
0.08758785216480201, 2.79
0.09331091003150288, 2.8000000000000003
0.09908089174801464, 2.81
0.10490068862636613, 2.82
0.11077321228097761, 2.83
0.11670139582390444, 2.84
0.12268819505915635, 2.85
0.12873658967605303, 2.86
0.13484958444157139, 2.87
0.1410302103915973, 2.88
0.14728152602099287, 2.89
0.15360661847234286, 2.9
0.16000860472323988, 2.91
0.16649063277192122, 2.92
0.17305588282105902, 2.93
0.17970756845946048, 2.94
0.18644893784142022, 2.95
0.19328327486341607, 2.96
0.20021390033782782, 2.97
0.20724417316330157, 2.98
0.2143774914913664, 2.99
0.22161729388885446, 3.0
0.22896706049565438, 3.0100000000000002
0.23643031417726773, 3.02
0.2440106216716175, 3.0300000000000002
0.2517115947294925, 3.04
0.25953689124798557, 3.0500000000000003
0.267490216396221, 3.06
0.2755753237326285, 3.0700000000000003
0.28379601631296375, 3.08
0.29215614778823074, 3.09
0.3006596234915965, 3.1
0.3093104015133437, 3.11
0.3181124937628461, 3.12
0.32706996701648433, 3.13
0.3361869439503743, 3.14
0.3454676041566959, 3.15
0.35491618514237155, 3.16
0.3645369833087454, 3.17
0.37433435491087763, 3.18
0.3843127169949674, 3.19
0.39447654831237217, 3.2
0.4048303902085905, 3.21
0.4153788474855269, 3.22
0.4261265892352451, 3.23
0.43707834964337516, 3.24
0.4482389287602174, 3.25
0.459613193237537, 3.2600000000000002
0.4712060770289299, 3.27
0.4830225820515773, 3.2800000000000002
0.4950677788070904, 3.29
0.50734680695909, 3.3000000000000003
0.5198648758650334, 3.31
0.5326272650597518, 3.3200000000000003
0.5456393246880229, 3.33
0.5589064758834493, 3.34
0.572434211090782, 3.35
0.5862280943287502, 3.36
0.6002937613903679, 3.37
0.6146369199775543, 3.38
0.6292633497668609, 3.39
0.6441789024029378, 3.4
0.6593895014163341, 3.41
0.6749011420620752, 3.42
0.6907198910754105, 3.43
0.7068518863409874, 3.44
0.7233033364716503, 3.45
0.7400805202929341, 3.46
0.7571897862292757, 3.47
0.7746375515878202, 3.48
0.7924303017356873, 3.49
0.8105745891663995, 3.5
0.8290770324511786, 3.5100000000000002
0.8479443150706709, 3.52
0.8671831841226517, 3.5300000000000002
0.8868004489011497, 3.54
0.906802979342421, 3.5500000000000003
0.9271977043331018, 3.56
0.9479916098758812, 3.5700000000000003
0.9691917371079476, 3.58
0.9908051801674825, 3.59
1.012839083903426, 3.6
1.0353006414237416, 3.61
1.0581970914774366, 3.62
1.0815357156655556, 3.63
1.1053238354764658, 3.64
1.1295688091407194, 3.65
1.1542780283009089, 3.66
1.179458914491932, 3.67
1.20511891542724, 3.68
1.231265501086679, 3.69
1.257906159601729, 3.7
1.2850483929340075, 3.71
1.312699712343156, 3.72
1.3408676336403103, 3.73
1.369559672223663, 3.74
1.3987833378927508, 3.75
1.4285461294384474, 3.7600000000000002
1.4588555290058205, 3.77
1.4897189962274093, 3.7800000000000002
1.5211439621246983, 3.79
1.5531378227760286, 3.8000000000000003
1.5857079327494543, 3.81
1.6188615982995618, 3.8200000000000003
1.6526060703276189, 3.83
1.6869485371049622, 3.84
1.7218961167599602, 3.85
1.757455849529463, 3.86
1.7936346897761917, 3.87
1.8304394977740868, 3.88
1.8678770312642974, 3.89
1.9059539367850702, 3.9
1.94467674077958, 3.91
1.984051840486315, 3.92
2.024085494617524, 3.93
2.0647838138318306, 3.94
2.1061527510080844, 3.95
2.148198091328178, 3.96
2.1909254421775453, 3.97
2.2343402228728033, 3.98
2.2784476542270125, 3.99
2.323252747963805, 4.0
2.3687602959927063, 4.01
2.4149748595588054, 4.0200000000000005
2.4619007582809282, 4.03
2.509542059093483, 4.04
2.5579025651080256, 4.05
2.6069858044116545, 4.0600000000000005
2.656795018820277, 4.07
2.707333152605819, 4.08
2.7586028412173094, 4.09
2.810606400016854, 4.1
2.863345813052361, 4.11
2.916822721889796, 4.12
2.97103841452875, 4.13
3.0259938144257434, 4.14
3.0816894696507346, 4.15
3.138125542202895, 4.16
3.1953017975126254, 4.17
3.2532175941572166, 4.18
3.311871873818428, 4.19
3.371263151510599, 4.2
3.431389506108554, 4.21
3.49224857120478, 4.22
3.5538375263258364, 4.23
3.6161530885380664, 4.24
3.679191504472914, 4.25
3.742948542802044, 4.26
3.807419487192553, 4.2700000000000005
3.87259912977222, 4.28
3.9384817651346484, 4.29
4.005061184913474, 4.3
4.072330672954576, 4.3100000000000005
4.140283001114289, 4.32
4.20891042571116, 4.33
4.278204684657499, 4.34
4.348156995296282, 4.3500000000000005
4.4187580529675685, 4.36
4.489998030327473, 4.37
4.561866577441101, 4.38
4.63435282266951, 4.39
4.707445374368948, 4.4
4.781132323418832, 4.41
4.855401246593141, 4.42
4.930239210787609, 4.43
5.005632778113267, 4.44
5.081568011864349, 4.45
5.158030483366548, 4.46
5.235005279708844, 4.47
5.312477012359938, 4.48
5.390429826667549, 4.49
5.468847412236327, 4.5
5.5477130141773765, 4.51
5.627009445219764, 4.5200000000000005
5.706719098671501, 4.53
5.786823962215049, 4.54
5.867305632519225, 4.55
5.948145330647066, 4.5600000000000005
6.02932391823623, 4.57
6.110821914426066, 4.58
6.19261951350266, 4.59
6.2746966032308364, 4.6000000000000005
6.357032783839498, 4.61
6.439607387624468, 4.62
6.522399499130558, 4.63
6.60538797587265, 4.64
6.688551469553466, 4.65
6.771868447733865, 4.66
6.8553172159098805, 4.67
6.938875939949027, 4.68
7.0225226688371745, 4.69
7.106235357686013, 4.7
7.189991890950283, 4.71
7.273770105802843, 4.72
7.357547815615382, 4.73
7.4413028334919105, 4.74
7.525012995802191, 4.75
7.608656185661955, 4.76
7.692210356307345, 4.7700000000000005
7.775653554311045, 4.78
7.85896394258856, 4.79
7.9421198231434795, 4.8
8.02509965950198, 4.8100000000000005
8.107882098787643, 4.82
8.190445993389433, 4.83
8.272770422176675, 4.84
8.35483471121718, 4.8500000000000005
8.43661845395598, 4.86
8.518101530814615, 4.87
8.599264128172567, 4.88
8.680086756695076, 4.89
8.760550268973729, 4.9
8.84063587644868, 4.91
8.920325165584034, 4.92
8.999600113270255, 4.93
9.078443101430429, 4.94
9.156836930809634, 4.95
9.23476483392969, 4.96
9.312210487193957, 4.97
9.389158022129875, 4.98
9.465592035759569, 4.99
9.541497600091501, 5.0
9.616860270728935, 5.01
9.691666094593447, 5.0200000000000005
9.765901616764486, 5.03
9.83955388643832, 5.04
9.912610462012179, 5.05
9.985059415301762, 5.0600000000000005
10.056889334902495, 5.07
10.128089328707096, 5.08
10.198649025593987, 5.09
10.268558576303029, 5.1000000000000005
10.337808653516882, 5.11
10.406390451167997, 5.12
10.474295682992633, 5.13
10.541516580354985, 5.14
10.608045889365577, 5.15
10.67387686731932, 5.16
10.739003278479775, 5.17
10.80341938923683, 5.18
10.86711996266605, 5.19
10.930100252518397, 5.2
10.992355996669726, 5.21
11.053883410059676, 5.22
11.11467917715008, 5.23
11.174740443932986, 5.24
11.234064809518715, 5.25
11.292650317333992, 5.26
11.35049544596044, 5.2700000000000005
11.407599099643184, 5.28
11.463960598499218, 5.29
11.519579668454648, 5.3
11.574456430939504, 5.3100000000000005
11.628591392368277, 5.32
11.681985433433741, 5.33
11.734639798240847, 5.34
11.786556083306873, 5.3500000000000005
11.837736226453146, 5.36
11.888182495612952, 5.37
11.937897477579176, 5.38
11.9868840667146, 5.39
12.035145453646656, 5.4
12.082685113967571, 5.41
12.129506796959982, 5.42
12.17561451436687, 5.43
12.221012529224051, 5.44
12.265705344772105, 5.45
12.30969769346401, 5.46
12.352994526083402, 5.47
12.395601000987753, 5.48
12.43752247348959, 5.49
12.47876448538797, 5.5
12.519332754661557, 5.51
12.559233165333668, 5.5200000000000005
12.598471757518816, 5.53
12.637054717659344, 5.54
12.674988368960005, 5.55
12.712279162027325, 5.5600000000000005
12.748933665720083, 5.57
12.784958558216191, 5.58
12.820360618300692, 5.59
12.855146716878819, 5.6000000000000005
12.889323808717391, 5.61
12.922898924417225, 5.62
12.95587916261847, 5.63
12.988271682440427, 5.64
13.020083696156632, 5.65
13.05132246210553, 5.66
13.081995277836706, 5.67
13.112109473491886, 5.68
13.141672405419818, 5.69
13.170691450023423, 5.7
13.199173997837509, 5.71
13.227127447834713, 5.72
13.254559201957244, 5.73
13.2814766598716, 5.74
13.307887213943093, 5.75
13.333798244426907, 5.76
13.359217114872063, 5.7700000000000005
13.38415116773453, 5.78
13.408607720195558, 5.79
13.432594060181023, 5.8
13.456117442577586, 5.8100000000000005
13.479185085641252, 5.82
13.50180416759384, 5.83
13.523981823402735, 5.84
13.545725141739377, 5.8500000000000005
13.567041162111586, 5.86
13.587936872165173, 5.87
13.608419205149902, 5.88
13.62849503754502, 5.89
13.64817118683962, 5.9
13.667454409462913, 5.91
13.68635139885975, 5.92
13.704868783706477, 5.93
13.723013126262565, 5.94
13.74079092085312, 5.95
13.758208592477848, 5.96
13.775272495541715, 5.97
13.791988912702845, 5.98
13.808364053833245, 5.99
13.824404055087877, 6.0
13.840114978077809, 6.01
13.855502809143271, 6.0200000000000005
13.870573458722344, 6.03
13.885332760811384, 6.04
13.899786472513048, 6.05
13.913940273668171, 6.0600000000000005
13.927799766567635, 6.07
13.941370475740593, 6.08
13.954657847815366, 6.09
13.967667251449651, 6.1000000000000005
13.980403977326478, 6.11
13.992873238212766, 6.12
14.005080169077129, 6.13
14.017029827263952, 6.140000000000001
14.028727192720618, 6.15
14.040177168275001, 6.16
14.051384579960478, 6.17
14.062354177385561, 6.18
14.07309063414572, 6.19
14.083598548274638, 6.2
14.09388244273265, 6.21
14.103946765929864, 6.22
14.113795892281672, 6.23
14.123434122794615, 6.24
14.132865685680287, 6.25
14.142094736995421, 6.26
14.15112536130614, 6.2700000000000005
14.159961572374447, 6.28
14.168607313865321, 6.29
14.177066460072522, 6.3
14.185342816661633, 6.3100000000000005
14.193440121428601, 6.32
14.201362045072441, 6.33
14.209112191980518, 6.34
14.216694101025148, 6.3500000000000005
14.224111246370141, 6.36
14.231367038286098, 6.37
14.238464823973223, 6.38
14.245407888390535, 6.390000000000001
14.252199455090446, 6.4
14.258842687057642, 6.41
14.265340687551292, 6.42
14.271696500949732, 6.43
14.277913113596682, 6.44
14.283993454648218, 6.45
14.289940396919695, 6.46
14.29575675773191, 6.47
14.301445299755837, 6.48
14.307008731855163, 6.49
14.312449709926208, 6.5
14.317770837734447, 6.51
14.322974667747232, 6.5200000000000005
14.3280637019622, 6.53
14.333040392730739, 6.54
14.337907143576349, 6.55
14.342666310007168, 6.5600000000000005
14.347320200322534, 6.57
14.351871076413122, 6.58
14.356321154554239, 6.59
14.360672606192178, 6.6000000000000005
14.36492755872317, 6.61
14.369088096264777, 6.62
14.373156260419384, 6.63
14.37713405102975, 6.640000000000001
14.381023426926221, 6.65
14.384826306665587, 6.66
14.388544569261333, 6.67
14.392180054905161, 6.68
14.3957345656797, 6.69
14.399209866262233, 6.7
14.402607684619387, 6.71
14.405929712692693, 6.72
14.409177607074927, 6.73
14.412352989677217, 6.74
14.41545744838685, 6.75
14.418492537715716, 6.76
14.421459779439452, 6.7700000000000005
14.424360663227128, 6.78
14.427196647261688, 6.79
14.429969158850886, 6.8
14.432679595028965, 6.8100000000000005
14.435329323148984, 6.82
14.43791968146581, 6.83
14.440451979709888, 6.84
14.442927499651747, 6.8500000000000005
14.44534749565734, 6.86
14.447713195234298, 6.87
14.450025799569044, 6.88
14.452286484054966, 6.890000000000001
14.454496398811632, 6.9
14.456656669195144, 6.91
14.458768396299696, 6.92
14.460832657450453, 6.93
14.462850506687769, 6.94
14.464822975242887, 6.95
14.466751072005172, 6.96
14.468635783981023, 6.97
14.470478076744424, 6.98
14.472278894879452, 6.99
14.47403916241459, 7.0
14.475759783249119, 7.01
14.477441641571614, 7.0200000000000005
14.479085602270693, 7.03
14.480692511338013, 7.04
14.482263196263775, 7.05
14.483798466424703, 7.0600000000000005
14.485299113464679, 7.07
14.48676591166811, 7.08
14.488199618326103, 7.09
14.48960097409567, 7.1000000000000005
14.490970703351875, 7.11
14.49230951453324, 7.12
14.493618100480326, 7.13
14.49489713876773, 7.140000000000001
14.496147292029555, 7.15
14.497369208278398, 7.16
14.498563521218102, 7.17
14.499730850550211, 7.18
14.500871802274334, 7.19
14.50198696898253, 7.2
14.50307693014771, 7.21
14.504142252406279, 7.22
14.505183489835051, 7.23
14.50620118422253, 7.24
14.507195865334708, 7.25
14.508168051175398, 7.26
14.50911824824129, 7.2700000000000005
14.510046951771717, 7.28
14.51095464599338, 7.29
14.511841804359914, 7.3
14.512708889786598, 7.3100000000000005
14.51355635488015, 7.32
14.514384642163781, 7.33
14.51519418429756, 7.34
14.51598540429414, 7.3500000000000005
14.516758715730091, 7.36
14.517514522952668, 7.37
14.518253221282336, 7.38
14.518975197211011, 7.390000000000001
14.51968082859612, 7.4
14.520370484850575, 7.41
14.521044527128733, 7.42
14.521703308508407, 7.43
14.522347174169033, 7.44
14.522976461566047, 7.45
14.523591500601546, 7.46
14.52419261379131, 7.47
14.524780116428296, 7.48
14.525354316742577, 7.49
14.525915516057918, 7.5
14.526464008944934, 7.51
14.527000083371043, 7.5200000000000005
14.527524020847117, 7.53
14.528036096571048, 7.54
14.528536579568147, 7.55
14.529025732828577, 7.5600000000000005
14.529503813441808, 7.57
14.529971072728143, 7.58
14.530427756367418, 7.59
14.530874104524916, 7.6000000000000005
14.531310351974534, 7.61
14.531736728219297, 7.62
14.532153457609258, 7.63
14.532560759456802, 7.640000000000001
14.532958848149478, 7.65
14.533347933260377, 7.66
14.53372821965606, 7.67
14.534099907602187, 7.68
14.534463192866795, 7.69
14.534818266821363, 7.7
14.535165316539642, 7.71
14.535504524894327, 7.72
14.535836070651603, 7.73
14.536160128563683, 7.74
14.536476869459223, 7.75
14.536786460331822, 7.76
14.537089064426585, 7.7700000000000005
14.537384841324732, 7.78
14.537673947026436, 7.79
14.53795653403174, 7.8
14.538232751419793, 7.8100000000000005
14.538502744926284, 7.82
14.53876665701921, 7.83
14.539024626972948, 7.84
14.539276790940713, 7.8500000000000005
14.539523282025458, 7.86
14.539764230349155, 7.87
14.539999763120576, 7.88
14.540230004701616, 7.890000000000001
14.540455076672112, 7.9
14.54067509789324, 7.91
14.540890184569589, 7.92
14.541100450309743, 7.930000000000001
14.541306006185645, 7.94
14.541506960790613, 7.95
14.541703420296068, 7.96
14.541895488507038, 7.97
14.542083266916423, 7.98
14.542266854758106, 7.99
14.542446349058839, 8.0
14.54262184468905, 8.01
14.5427934344125, 8.02
14.542961208934853, 8.03
14.543125256951212, 8.040000000000001
14.543285665192585, 8.05
14.543442518471325, 8.06
14.543595899725613, 8.07
14.543745890062961, 8.08
14.543892568802734, 8.09
14.544036013517768, 8.1
14.54417630007511, 8.11
14.544313502675806, 8.120000000000001
14.544447693893886, 8.13
14.54457894471446, 8.14
14.544707324571023, 8.15
14.544832901381929, 8.16
14.544955741586085, 8.17
14.545075910177864, 8.18
14.5451934707413, 8.19
14.545308485483487, 8.2
14.545421015267344, 8.21
14.545531119643583, 8.22
14.545638856882077, 8.23
14.545744284002518, 8.24
14.545847456804415, 8.25
14.54594842989648, 8.26
14.546047256725393, 8.27
14.546143989603916, 8.28
14.546238679738483, 8.290000000000001
14.546331377256148, 8.3
14.546422131231017, 8.31
14.546510989710091, 8.32
14.54659799973859, 8.33
14.546683207384767, 8.34
14.54676665776418, 8.35
14.546848395063488, 8.36
14.546928462563741, 8.370000000000001
14.547006902663224, 8.38
14.547083756899816, 8.39
14.547159065972894, 8.4
14.547232869764809, 8.41
14.54730520736195, 8.42
14.54737611707534, 8.43
14.547445636460894, 8.44
14.547513802339216, 8.45
14.547580650815043, 8.46
14.547646217296323, 8.47
14.547710536512897, 8.48
14.54777364253484, 8.49
14.547835568790475, 8.5
14.547896348083999, 8.51
14.547956012612852, 8.52
14.548014593984682, 8.53
14.548072123234096, 8.540000000000001
14.548128630839019, 8.55
14.54818414673682, 8.56
14.548238700340134, 8.57
14.548292320552404, 8.58
14.548345035783171, 8.59
14.548396873963075, 8.6
14.54844786255863, 8.61
14.54849802858677, 8.620000000000001
14.548547398629097, 8.63
14.548595998845963, 8.64
14.5486438549903, 8.65
14.548690992421255, 8.66
14.548737436117568, 8.67
14.54878321069083, 8.68
14.548828340398476, 8.69
14.548872849156623, 8.700000000000001
14.548916760552732, 8.71
14.5489600978581, 8.72
14.549002884040135, 8.73
14.549045141774553, 8.74
14.549086893457364, 8.75
14.549128161216732, 8.76
14.549168966924665, 8.77
14.54920933220863, 8.78
14.549249278462971, 8.790000000000001
14.549288826860256, 8.8
14.549327998362475, 8.81
14.549366813732146, 8.82
14.549405293543318, 8.83
14.549443458192426, 8.84
14.549481327909161, 8.85
14.549518922767119, 8.86
14.549556262694464, 8.870000000000001
14.549593367484482, 8.88
14.549630256806056, 8.89
14.549666950214098, 8.9
14.549703467159897, 8.91
14.549739827001424, 8.92
14.549776049013596, 8.93
14.549812152398486, 8.94
14.549848156295486, 8.950000000000001
14.549884079791468, 8.96
14.549919941930874, 8.97
14.549955761725837, 8.98
14.549991558166228, 8.99
14.550027350229733, 9.0
14.55006315689192, 9.01
14.550098997136272, 9.02
14.550134889964282, 9.03
14.550170854405488, 9.040000000000001
14.550206909527583, 9.05
14.550243074446522, 9.06
14.55027936833665, 9.07
14.550315810440857, 9.08
14.550352420080806, 9.09
14.550389216667153, 9.1
14.55042621970984, 9.11
14.550463448828456, 9.120000000000001
14.550500923762625, 9.13
14.550538664382474, 9.14
14.55057669069917, 9.15
14.550615022875553, 9.16
14.550653681236788, 9.17
14.550692686281161, 9.18
14.550732058690976, 9.19
14.550771819343474, 9.200000000000001
14.550811989321963, 9.21
14.55085258992694, 9.22
14.550893642687445, 9.23
14.550935169372423, 9.24
14.550977192002339, 9.25
14.55101973286079, 9.26
14.551062814506375, 9.27
14.551106459784641, 9.28
14.551150691840197, 9.290000000000001
14.551195534129013, 9.3
14.551241010430848, 9.31
14.55128714486187, 9.32
14.551333961887455, 9.33
14.55138148633516, 9.34
14.551429743407905, 9.35
14.551478758697344, 9.36
14.551528558197447, 9.370000000000001
14.55157916831828, 9.38
14.551630615900043, 9.39
14.551682928227292, 9.4
14.551736133043434, 9.41
14.551790258565445, 9.42
14.551845333498841, 9.43
14.551901387052935, 9.44
14.551958448956304, 9.450000000000001
14.552016549472615, 9.46
14.552075719416644, 9.47
14.552135990170669, 9.48
14.552197393701094, 9.49
14.552259962575485, 9.5
14.552323729979763, 9.51
14.552388729735918, 9.52
14.552454996319902, 9.53
14.552522564879963, 9.540000000000001
14.552591471255301, 9.55
14.55266175199511, 9.56
14.552733444377969, 9.57
14.552806586431652, 9.58
14.55288121695331, 9.59
14.552957375530097, 9.6
14.55303510256018, 9.61
14.553114439274204, 9.620000000000001
14.553195427757176, 9.63
14.553278110970853, 9.64
14.553362532776541, 9.65
14.553448737958398, 9.66
14.553536772247226, 9.67
14.553626682344788, 9.68
14.553718515948592, 9.69
14.553812321777258, 9.700000000000001
14.55390814959641, 9.71
14.554006050245096, 9.72
14.554106075662837, 9.73
14.554208278917221, 9.74
14.554312714232095, 9.75
14.554419437016422, 9.76
14.5545285038937, 9.77
14.554639972732085, 9.78
14.554753902675156, 9.790000000000001
14.554870354173342, 9.8
14.554989389016116, 9.81
14.555111070364784, 9.82
14.55523546278612, 9.83
14.555362632286696, 9.84
14.555492646347993, 9.85
14.555625573962281, 9.86
14.555761485669338, 9.870000000000001
14.555900453593983, 9.88
14.556042551484412, 9.89
14.556187854751489, 9.9
14.556336440508845, 9.91
14.556488387613934, 9.92
14.556643776709977, 9.93
14.55680269026893, 9.94
14.556965212635351, 9.950000000000001
14.557131430071307, 9.96
14.557301430802333, 9.97
14.557475305064381, 9.98
14.55765314515188, 9.99
14.557835045466922, 10.0
14.558021102569493, 10.01
14.558211415228953, 10.02
14.558406084476669, 10.03
14.55860521365979, 10.040000000000001
14.558808908496395, 10.05
14.55901727713178, 10.06
14.559230430196124, 10.07
14.55944848086347, 10.08
14.559671544912069, 10.09
14.559899740786102, 10.1
14.560133189658858, 10.11
14.560372015497357, 10.120000000000001
14.5606163451285, 10.13
14.560866308306714, 10.14
14.561122037783194, 10.15
14.561383669376774, 10.16
14.561651342046382, 10.17
14.561925197965268, 10.18
14.562205382596897, 10.19
14.562492044772613, 10.200000000000001
14.562785336771162, 10.21
14.563085414400033, 10.22
14.563392437078706, 10.23
14.563706567923829, 10.24
14.564027973836428, 10.25
14.564356825591132, 10.26
14.564693297927459, 10.27
14.565037569643309, 10.28
14.56538982369057, 10.290000000000001
14.565750247273021, 10.3
14.566119031946513, 10.31
14.566496373721495, 10.32
14.56688247316795, 10.33
14.567277535522804, 10.34
14.56768177079986, 10.35
14.568095393902295, 10.36
14.568518624737843, 10.370000000000001
14.568951688336648, 10.38
14.56939481497192, 10.39
14.569848240283434, 10.4
14.570312205403924, 10.41
14.570786957088453, 10.42
14.571272747846887, 10.43
14.57176983607942, 10.44
14.572278486215373, 10.450000000000001
14.572798968855215, 10.46
14.573331560915992, 10.47
14.57387654578016, 10.48
14.574434213447963, 10.49
14.575004860693378, 10.5
14.575588791223874, 10.51
14.576186315843767, 10.52
14.576797752621635, 10.53
14.577423427061609, 10.540000000000001
14.578063672278722, 10.55
14.578718829178513, 10.56
14.579389246640797, 10.57
14.580075281707865, 10.58
14.58077729977716, 10.59
14.581495674798534, 10.6
14.582230789476188, 10.61
14.582983035475477, 10.620000000000001
14.583752813634595, 10.63
14.584540534181334, 10.64
14.58534661695506, 10.65
14.586171491633905, 10.66
14.5870155979675, 10.67
14.587879386015224, 10.68
14.588763316390114, 10.69
14.589667860508753, 10.700000000000001
14.590593500847003, 10.71
14.591540731201993, 10.72
14.592510056960336, 10.73
14.593501995372812, 10.74
14.594517075835673, 10.75
14.5955558401787, 10.76
14.596618842960206, 10.77
14.597706651769181, 10.78
14.598819847534687, 10.790000000000001
14.599959024842752, 10.8
14.60112479226093, 10.81
14.602317772670697, 10.82
14.6035386036079, 10.83
14.604787937611507, 10.84
14.606066442580708, 10.85
14.607374802140832, 10.86
14.608713716018038, 10.870000000000001
14.610083900423193, 10.88
14.61148608844509, 10.89
14.612921030453208, 10.9
14.61438949451038, 10.91
14.615892266795495, 10.92
14.61743015203652, 10.93
14.619003973954198, 10.94
14.62061457571655, 10.950000000000001
14.622262820404563, 10.96
14.623949591489353, 10.97
14.625675793320985, 10.98
14.627442351629428, 10.99
14.629250214037796, 11.0
14.631100350588296, 11.01
14.632993754281173, 11.02
14.634931441626977, 11.03
14.636914453212583, 11.040000000000001
14.638943854281184, 11.05
14.641020735326753, 11.06
14.643146212703307, 11.07
14.645321429249329, 11.08
14.647547554927806, 11.09
14.649825787482271, 11.1
14.65215735310927, 11.11
14.65454350714769, 11.120000000000001
14.65698553478544, 11.13
14.659484751783873, 11.14
14.662042505220516, 11.15
14.664660174250491, 11.16
14.667339170887287, 11.17
14.670080940803228, 11.18
14.672886964150322, 11.19
14.675758756401976, 11.200000000000001
14.678697869216114, 11.21
14.681705891320403, 11.22
14.684784449420079, 11.23
14.687935209129023, 11.24
14.691159875924805, 11.25
14.694460196128247, 11.26
14.69783795790831, 11.27
14.701294992312885, 11.28
14.704833174326325, 11.290000000000001
14.708454423954427, 11.3
14.71216070733761, 11.31
14.715954037893177, 11.32
14.719836477487371, 11.33
14.723810137638173, 11.34
14.727877180749683, 11.35
14.732039821379024, 11.36
14.736300327536616, 11.370000000000001
14.74066102202095, 11.38
14.745124283788707, 11.39
14.749692549361344, 11.4
14.754368314269227, 11.41
14.759154134534333, 11.42
14.764052628192763, 11.43
14.769066476858224, 11.44
14.77419842732761, 11.450000000000001
14.779451293230101, 11.46
14.784827956720962, 11.47
14.790331370221487, 11.48
14.795964558206371, 11.49
14.801730619040153, 11.5
14.807632726863975, 11.51
14.813674133534448, 11.52
14.819858170616119, 11.53
14.82618825142917, 11.540000000000001
14.83266787315421, 11.55
14.839300618995809, 11.56
14.846090160406694, 11.57
14.853040259374556, 11.58
14.860154770773411, 11.59
14.867437644781589, 11.6
14.874892929368515, 11.61
14.882524772852522, 11.620000000000001
14.890337426531927, 11.63
14.898335247391891, 11.64
14.906522700889402, 11.65
14.914904363819065, 11.66
14.923484927262402, 11.67
14.932269199623297, 11.68
14.941262109752682, 11.69
14.950468710165296, 11.700000000000001
14.959894180351725, 11.71
14.969543830189016, 11.72
14.979423103453097, 11.73
14.989537581436698, 11.74
14.999892986676262, 11.75
15.010495186791802, 11.76
15.021350198443496, 11.77
15.032464191409334, 11.78
15.043843492787918, 11.790000000000001
15.055494591331032, 11.8
15.067424141910578, 11.81
15.079638970124703, 11.82
15.092146077048229, 11.83
15.104952644132641, 11.84
15.11806603826112, 11.85
15.13149381696437, 11.86
15.145243733803229, 11.870000000000001
15.159323743924245, 11.88
15.173742009794903, 11.89
15.188506907125074, 11.9
15.203627030981991, 11.91
15.21911120210611, 11.92
15.234968473435574, 11.93
15.251208136847458, 11.94
15.267839730124276, 11.950000000000001
15.284873044154525, 11.96
15.302318130376683, 11.97
15.32018530847627, 11.98
15.338485174346165, 11.99
15.357228608320803, 12.0
15.376426783695436, 12.01
15.396091175542088, 12.02
15.416233569834448, 12.030000000000001
15.436866072894475, 12.040000000000001
15.458001121174288, 12.05
15.479651491387264, 12.06
15.50183031100324, 12.07
15.524551069123333, 12.08
15.547827627750614, 12.09
15.571674233473788, 12.1
15.596105529581832, 12.11
15.62113656862849, 12.120000000000001
15.646782825466373, 12.13
15.673060210771734, 12.14
15.699985085081584, 12.15
15.727574273366464, 12.16
15.755845080163052, 12.17
15.784815305292202, 12.18
15.814503260189372, 12.19
15.844927784875768, 12.200000000000001
15.876108265600168, 12.21
15.90806465318294, 12.22
15.94081748209545, 12.23
15.974387890309995, 12.24
16.008797639957272, 12.25
16.044069138830427, 12.26
16.080225462777033, 12.27
16.117290379022535, 12.280000000000001
16.15528837047129, 12.290000000000001
16.194244661034002, 12.3
16.23418524203299, 12.31
16.275136899739998, 12.32
16.31712724410414, 12.33
16.36018473873132, 12.34
16.404338732179845, 12.35
16.449619490640945, 12.36
16.496058232077033, 12.370000000000001
16.54368716189505, 12.38
16.592539510236897, 12.39
16.642649570974008, 12.4
16.69405274249859, 12.41
16.746785570409962, 12.42
16.80088579220035, 12.43
16.85639238405159, 12.44
16.913345609860855, 12.450000000000001
16.971787072621673, 12.46
17.031759768294336, 12.47
17.093308142308896, 12.48
17.156478148853328, 12.49
17.22131731310971, 12.5
17.287874796612257, 12.51
17.356201465912825, 12.52
17.426349964752376, 12.530000000000001
17.49837478995044, 12.540000000000001
17.572332371239728, 12.55
17.648281155288675, 12.56
17.72628169417229, 12.57
17.806396738570186, 12.58
17.888691335990906, 12.59
17.973232934343454, 12.6
18.06009149120073, 12.61
18.149339589124992, 12.620000000000001
18.24105255745341, 12.63
18.335308600972038, 12.64
18.432188935938996, 12.65
18.531777933953503, 12.66
18.634163274206113, 12.67
18.739436104687556, 12.68
18.84769121297962, 12.69
18.959027207301553, 12.700000000000001
19.073546708540015, 12.71
19.191356554050675, 12.72
19.3125680140842, 12.73
19.43729702176135, 12.74
19.565664417599656, 12.75
19.697796209680206, 12.76
19.833823850636808, 12.77
19.97388453275318, 12.780000000000001
20.118121502567256, 12.790000000000001
20.266684396507003, 12.8
20.41972959921889, 12.81
20.577420626402912, 12.82
20.739928534134705, 12.83
20.907432356841078, 12.84
21.08011957629942, 12.85
21.25818662425893, 12.86
21.441839421532535, 12.870000000000001
21.631293956687998, 12.88
21.826776907777305, 12.89
22.02852631088835, 12.9
22.236792279688483, 12.91
22.45183778055926, 12.92
22.673939468401546, 12.93
22.903388588727786, 12.94
23.140491952260216, 12.950000000000001
23.385572988929436, 12.96
23.63897288892786, 12.97
23.901051839326325, 12.98
24.172190365726998, 12.99
24.452790789513774, 13.0
24.74327881249236, 13.01
25.044105242107385, 13.02
25.35574787200747, 13.030000000000001
25.67871353452908, 13.040000000000001
26.013540343722763, 13.05
26.36080014988472, 13.06
26.721101229236563, 13.07
27.09509123546409, 13.08
27.483460443350655, 13.09
27.886945318797665, 13.1
28.306332454203524, 13.11
28.74246291358297, 13.120000000000001
